                                                                                            City of Palo Alto 

                 Historical Analysis by Calendar Quarter
                  Economic Category               %       2010Q3           2010Q2           2010Q1           2009Q4           2009Q3           2009Q2           2009Q1           2008Q4           2008Q3 
                  General Retail              35.1%      1,810,271        1,864,922        1,473,821        2,064,636        1,615,455        1,671,676        1,401,746        2,134,924        1,942,546 
                  Business To Business        19.5%      1,006,576         788,373          849,181          993,411          894,386         1,096,153         871,861         1,003,360         949,417 
                  Food Products               14.1%       726,360          739,629          666,388          699,788          665,680          694,271          649,563          730,351          733,080 
                  Transportation              11.2%       576,597          551,313          534,793          516,345          594,725          726,213          495,640          596,634          665,857 
                  Miscellaneous                4.2%       217,465           78,340           67,673           70,822           79,799           79,758          101,377          111,476          115,678 
                  Construction                 0.9%        44,171           40,415           37,914           48,862           44,182           38,589           56,568           59,367              72,868 
                  Net Pools & Adjustments     15.2%       782,981          626,593          487,801          634,071          684,537          508,710          619,790          331,300          550,414 
                  Total                      100.0%      5,164,421        4,689,585        4,117,571        5,027,935        4,578,764        4,815,370        4,196,545        4,967,412        5,029,860 
                                                                                                                                                                                              
                  Economic Segments               %       2010Q3           2010Q2           2010Q1           2009Q4           2009Q3           2009Q2           2009Q1           2008Q4           2008Q3 
                  Restaurants                 12.1%       622,517          636,566          568,305          597,762          580,829          604,861          565,461          627,710          641,492 
                  Department Stores           10.5%       541,942          565,706          455,378          714,431          480,038          529,267          426,855          723,247          571,259 
                  Miscellaneous Retail         7.7%       396,580          381,222          325,512          459,998          341,947          360,311          304,199          474,090          412,826 
                  Furniture/Appliance          8.7%       447,946          416,128          282,989          345,141          352,050          302,007          292,437          378,643          449,934 
                  Apparel Stores               5.8%       299,340          321,787          267,315          375,133          286,511          299,896          243,222          385,510          335,428 
                  Service Stations             2.8%       143,233          140,859          139,906          128,317          134,369          119,637           95,957          111,830          173,307 
                  Business Services            2.2%       112,153          143,241          110,989          113,481          124,575          116,394          109,472          143,531          132,365 
                  Food Markets                 1.8%        93,651           92,036           86,892           88,469           74,317           75,997           72,517           88,559              78,856 
                  Auto Parts/Repair            0.9%        45,689           40,037           39,150           39,592           40,669           65,174           37,341           39,787              49,199 
                  Leasing                      0.8%        40,480           36,129           34,760           37,222           41,697           34,892           36,308           37,049              45,324 
                  Bldg.Matls‐Retail            0.8%        39,747           35,783           33,297           38,766           39,314           33,879           50,548           53,188              61,367 
                  Liquor Stores                0.2%        10,192           11,027           11,162           13,297           10,534           13,313           11,585           14,075              12,707 
                  Miscellaneous Other          0.1%          5,751            7,689            6,550            9,061            7,637            6,730            6,092            9,847              7,223 
                  Heavy Industry               0.1%          3,288            4,887            4,782            5,944            5,090            5,369            5,596            9,069              5,829 
                  Bldg.Matls‐Whsle             0.1%          4,424            4,632            4,617          10,096             4,868            4,710            6,020            6,179             11,501 
                  All Other                   30.5%      1,574,507        1,225,263        1,258,166        1,417,154        1,369,782        1,734,223        1,313,145        1,533,798        1,490,829 
                  Net Pools & Adjustments     15.2%       782,981          626,593          487,801          634,071          684,537          508,710          619,790          331,300          550,414 
                  Total                      100.0%      5,164,421        4,689,585        4,117,571        5,027,935        4,578,764        4,815,370        4,196,545        4,967,412        5,029,860 
                 *Net Pools & Adjustments reconcile economic performance to periods’ net cash receipts. The historical amounts by calendar quarter: (1) include
                 any prior period adjustments and payments in the appropriate category/segment and (2) exclude businesses no longer active in the current period.
Packet Pg. 498




                                                                                                                                                                                                                                a
                                                                                                                                                                                                                             
                                                                                                              (800) 800‐8181 
                 www.MuniServices.com Attachment:          Attachment A: City of Palo Alto Sales Tax Digest Summary (1371           
                                                                                                                                : Sales Tax)                                                                      Page 4 
